0000000101000100000000100101000111010011100110000000010100110011110001010000111001011001001001100010100100010
0100011001100111100100011110011100010000000111010101100001110100010111100101100010011000100011100000000011011
1101111010010110100110010111001100100100010110100100001010010001110001010100001110100011001110010000110001101
1100010000100101000110010010000101000110100001001000101101001010010010011010110000000000001011001010011101100
1000001000110110011100011010101110011100110100100100010011110100000000011110001000001010100100100010010000100
1001110010101011001001000001000101100111010110111010010100110001101110000000101101110110000000000100100100110
0011010110100011010000011001101011011000100111011100011100111100111001001101000000111001000010110110100010011
0110010100100100000010100010010000000011010110100100001000100001000010000010010001101101001100000011010010010
0101000110101011100011001000001000100011000101101001010010000110011001111101010111001000000000100010010000000
1110000000010001110000000010000011100010110101000100111000101101101110010001000001101000101111100101001000111
0000000011001110001110011011100100001111000000000010011001001011100100011010110100100100100000000110100010111
0000011001101011001001001010001011011000101110010001000111000011110000100110001000001100010010110101101000101
1000000010110000001011001000010001101010000011010001100010110110110110001000101011010000110001011011111001010
0110111001011001000010110011100010001101100101000000010001010000010000100001000100001000000000111001011011010
0100101101001000000011100011110001100110101110010100110111000001001001001101101100100101110101001010100010101
0001101110101011001101111011100000000100001000100010010000100100001110001110100001111100100010010101001000010
0000111001100100101100010100000100010110100111001000000101011001000000001110100110111000111100111001110011001
0001111011010001001010000000111001101001111011000100100110110010101110000111110001100010010001110011010110100
0001001000110000110010000011011100010000100001000111000000000000110010011000100100000010100111001101000001010
1101000000001110001001001001010001100111001000100100010111010010001001001110001001110001001000000101001101111
1001000000000000010000111010110001100111100100010110111100100111000000011101001100010100110000100001100100111
0001000100010001011011001000000000110101111000100111000110001101000110110001000100010001111100111001100111100
0100100101000011101101010101001100000000100010000010001000010001011100011011001101010001000100100001000010000
0000010010010001000010000100010000001101000100100111000110000100010001110011000110110001100110010001001001110
0000001100000000001100100010001101010001001101011101101001110001011010000101100010000010001011100100000010001
0010010011001001001010001011010011010010011010011100100000010100001110100100001101000001000110100000001010101
1001000100010010000000011101110000100100000101001001010101100001010000010011000000110100000100111000101101010
0000000001100110100111000001001101101011000100000001011010100010100001010010001101100011001101110100111001110
0010110111000011110000001000000111100001000001000011000011011010110000100100010011100111010000111010011100010
0100100110001000100100101001000100010000101100011100010000100010001000111110001010000011000000001001001001110
0000000011010111001100000001110100000100101010010000001100010001000100011010101100100101010000010010000000001
1011010110110011001110110100100010001001100100010000100010010000000011110100001110011110100000000110001110011
0100100001011100000111010110111001101101100011100000001000010000100001000111010010011010010000100110000000001
1010010001000100100010010011011100011011000010001001100100100010101101000001111001100010011000100001110010001
0001000001000100101000110111000100100110110101000001111001101101001000011101000010000101000000011001000100011
0110001101000000001100000011010000001110000111001000100100100010001000110000001001011100100100000000011011001
1000000111001011100110001001000110000110001000000110010001101100111001100111010111001101101000111011110011100
1110011011000000010010000010101100100000000010000100100110101101000100100100010001100111011010011101001000101
1110010100000010000101110011001000000001110001000010100100010001001001000010000100011000010001001001000010101
0101100111011001000100100111110001000011001001000011010010001011011110011110001011000111000111010000000000110
0110101011100100101110101010001001101110000110000001000100100001101111011011100000011000110001000000000000111
0100110000000111000100010000111100111010000100010001000110001001000001100000001000001010011011101001001101100
0100111101010110100000011100001101110010000101001110001001001100010010000110100100011010010010100100011000101
0001001000011000100111010100100010000000110010111010101000011000110010100011110111100011010001001100100000000
1101000110100010011011000000000000010000000001000001000101100100011100110101101100010010000100000110000001110
0001100001011100100010100011000010001011100010111010011011011001110011100110011001000100110110110001010111000
1010000010001101011010100001010010111100010010011100011010010100110001001000001011100001111010000111110101010
0000011101011001010010011000110100010001000100000000100100100001000100111001001101011010010000000100110100010
0110111001100100010011100001011010011101101010000001101111100010101110001001000111101110110000110100000010111
0010011011010110010000110111010010000000110100100100100100010011001010000000100011010101110011001100111000011
0000010011100110010000100000000100010010010000001010001011100111010011011001001001100001010011100000101000010
0011010100010001100100011000111110000110110110001000100001101100110010000110011100001101000010000101100100001
0000011100110000010001011010111010010100010001000000000000010001101000111001100010101001001110011001010001110
0010000100100001111001101100001010100010011011100111010001000111000110100010000000001110110000000000000011010
1110001000010001011000110111001000011010011110100100100011001000100110010000000011101000101000001000001000100
1010100100011000110110011100010000010011011001001100101011110010010100000101010010011000000011100000011001001
1011010010010110011100110101000000100001100100001000110010001011110000001110010110100010011011100000000101001
0010010011100111010010100100111100101011010101101101001000010001110011101001100000000100011101011010110100010
0011001010010101111001001110001010111100011001011001100101100010110101111100010000000100001000000011000010110
1110011010000000111000001010010011011011001100010011011001100010000010000010110010110111001101001000010110011
0111000000100110010000010101010111010110000110101110110101010110101101001000010000011100110100001000011100100
0001101001100100001100110010011000000011100100001000000010011001000010100000000000010001111100011000100010100
0101110100100011100100001001000110001011110000001011001000001101000001000110100110010000001110001100010010001
1101010000111101010010010010101001000101110110001001101101100100111010010010000110110100010001010001000011100
010101111100010001100000
